#Layer_Color=6321
#
#Feature symbol names
#
$0 r5

#
#Feature attribute names
#

#
#Layer features
#
L 1.0722835 4.855 1.1077165 4.855 0 P 0
L 1.09 4.8372835 1.09 4.8727165 0 P 0
L 1.1118501 3.5099992 1.1418501 3.5099992 0 P 0
L 1.1268501 3.4949992 1.1268501 3.5249992 0 P 0
L 1.1722835 4.855 1.2077165 4.855 0 P 0
L 1.19 4.215 1.23 4.215 0 P 0
L 1.19 4.615 1.23 4.615 0 P 0
L 1.19 4.8372835 1.19 4.8727165 0 P 0
L 1.21 4.195 1.21 4.235 0 P 0
L 1.21 4.595 1.21 4.635 0 P 0
L 1.239252 3.795 1.270748 3.795 0 P 0
L 1.239252 3.9918504 1.270748 3.9918504 0 P 0
L 1.255 3.779252 1.255 3.810748 0 P 0
L 1.255 3.9761024 1.255 4.0075984 0 P 0
L 1.2722835 4.855 1.3077165 4.855 0 P 0
L 1.29 4.8372835 1.29 4.8727165 0 P 0
L 1.372 4.855 1.408 4.855 0 P 0
L 1.39 4.837 1.39 4.873 0 P 0
L 1.44 4.215 1.48 4.215 0 P 0
L 1.44 4.615 1.48 4.615 0 P 0
L 1.46 4.195 1.46 4.235 0 P 0
L 1.46 4.595 1.46 4.635 0 P 0
L 1.497 3.63 1.533 3.63 0 P 0
L 1.497 4.035 1.533 4.035 0 P 0
L 1.515 3.612 1.515 3.648 0 P 0
L 1.515 4.017 1.515 4.053 0 P 0
L 1.5722835 4.855 1.6077165 4.855 0 P 0
L 1.59 4.8372835 1.59 4.8727165 0 P 0
L 1.6722835 4.855 1.7077165 4.855 0 P 0
L 1.687 3.62 1.723 3.62 0 P 0
L 1.687 4.025 1.723 4.025 0 P 0
L 1.69 4.215 1.73 4.215 0 P 0
L 1.69 4.615 1.73 4.615 0 P 0
L 1.69 4.8372835 1.69 4.8727165 0 P 0
L 1.705 3.602 1.705 3.638 0 P 0
L 1.705 4.007 1.705 4.043 0 P 0
L 1.71 4.195 1.71 4.235 0 P 0
L 1.71 4.595 1.71 4.635 0 P 0
L 1.7181499 3.5100008 1.7481499 3.5100008 0 P 0
L 1.7331499 3.4950008 1.7331499 3.5250008 0 P 0
L 1.7722835 4.855 1.8077165 4.855 0 P 0
L 1.79 4.8372835 1.79 4.8727165 0 P 0
L 1.872 4.855 1.908 4.855 0 P 0
L 1.8825 2.85 1.9275 2.85 0 P 0
L 1.8825 2.95 1.9275 2.95 0 P 0
L 1.8825 3.05 1.9275 3.05 0 P 0
L 1.8825 3.15 1.9275 3.15 0 P 0
L 1.8825 3.25 1.9275 3.25 0 P 0
L 1.8825 3.35 1.9275 3.35 0 P 0
L 1.8825 3.45 1.9275 3.45 0 P 0
L 1.8825 3.55 1.9275 3.55 0 P 0
L 1.8825 3.65 1.9275 3.65 0 P 0
L 1.8825 3.75 1.9275 3.75 0 P 0
L 1.8825 3.85 1.9275 3.85 0 P 0
L 1.8825 3.95 1.9275 3.95 0 P 0
L 1.8825 4.05 1.9275 4.05 0 P 0
L 1.8825 4.15 1.9275 4.15 0 P 0
L 1.8825 4.25 1.9275 4.25 0 P 0
L 1.89 4.837 1.89 4.873 0 P 0
L 1.905 2.8275 1.905 2.8725 0 P 0
L 1.905 2.9275 1.905 2.9725 0 P 0
L 1.905 3.0275 1.905 3.0725 0 P 0
L 1.905 3.1275 1.905 3.1725 0 P 0
L 1.905 3.2275 1.905 3.2725 0 P 0
L 1.905 3.3275 1.905 3.3725 0 P 0
L 1.905 3.4275 1.905 3.4725 0 P 0
L 1.905 3.5275 1.905 3.5725 0 P 0
L 1.905 3.6275 1.905 3.6725 0 P 0
L 1.905 3.7275 1.905 3.7725 0 P 0
L 1.905 3.8275 1.905 3.8725 0 P 0
L 1.905 3.9275 1.905 3.9725 0 P 0
L 1.905 4.0275 1.905 4.0725 0 P 0
L 1.905 4.1275 1.905 4.1725 0 P 0
L 1.905 4.2275 1.905 4.2725 0 P 0
L 2.8322835 4.86 2.8677165 4.86 0 P 0
L 2.85 4.8422835 2.85 4.8777165 0 P 0
L 2.8825 2.85 2.9275 2.85 0 P 0
L 2.8825 2.95 2.9275 2.95 0 P 0
L 2.8825 3.05 2.9275 3.05 0 P 0
L 2.8825 3.15 2.9275 3.15 0 P 0
L 2.8825 3.25 2.9275 3.25 0 P 0
L 2.8825 3.35 2.9275 3.35 0 P 0
L 2.8825 3.45 2.9275 3.45 0 P 0
L 2.8825 3.55 2.9275 3.55 0 P 0
L 2.8825 3.65 2.9275 3.65 0 P 0
L 2.8825 3.75 2.9275 3.75 0 P 0
L 2.8825 3.85 2.9275 3.85 0 P 0
L 2.8825 3.95 2.9275 3.95 0 P 0
L 2.8825 4.05 2.9275 4.05 0 P 0
L 2.8825 4.15 2.9275 4.15 0 P 0
L 2.8825 4.25 2.9275 4.25 0 P 0
L 2.905 2.8275 2.905 2.8725 0 P 0
L 2.905 2.9275 2.905 2.9725 0 P 0
L 2.905 3.0275 2.905 3.0725 0 P 0
L 2.905 3.1275 2.905 3.1725 0 P 0
L 2.905 3.2275 2.905 3.2725 0 P 0
L 2.905 3.3275 2.905 3.3725 0 P 0
L 2.905 3.4275 2.905 3.4725 0 P 0
L 2.905 3.5275 2.905 3.5725 0 P 0
L 2.905 3.6275 2.905 3.6725 0 P 0
L 2.905 3.7275 2.905 3.7725 0 P 0
L 2.905 3.8275 2.905 3.8725 0 P 0
L 2.905 3.9275 2.905 3.9725 0 P 0
L 2.905 4.0275 2.905 4.0725 0 P 0
L 2.905 4.1275 2.905 4.1725 0 P 0
L 2.905 4.2275 2.905 4.2725 0 P 0
L 2.9322835 4.86 2.9677165 4.86 0 P 0
L 2.95 4.8422835 2.95 4.8777165 0 P 0
L 3.0322835 4.86 3.0677165 4.86 0 P 0
L 3.05 4.8422835 3.05 4.8777165 0 P 0
L 3.132 4.86 3.168 4.86 0 P 0
L 3.144252 3.0794882 3.175748 3.0794882 0 P 0
L 3.144252 3.485 3.175748 3.485 0 P 0
L 3.15 4.842 3.15 4.878 0 P 0
L 3.16 3.0637402 3.16 3.0952362 0 P 0
L 3.16 3.469252 3.16 3.500748 0 P 0
L 3.22 4.465 3.26 4.465 0 P 0
L 3.24 4.445 3.24 4.485 0 P 0
L 3.295315 3.7265748 3.334685 3.7265748 0 P 0
L 3.295315 3.825 3.334685 3.825 0 P 0
L 3.315 3.7068898 3.315 3.7462598 0 P 0
L 3.315 3.805315 3.315 3.844685 0 P 0
L 3.3372835 3.425 3.3727165 3.425 0 P 0
L 3.3436418 4.895 3.3763582 4.895 0 P 0
L 3.355 3.4072835 3.355 3.4427165 0 P 0
L 3.36 4.8786418 3.36 4.9113582 0 P 0
L 3.4168504 4.465 3.4568504 4.465 0 P 0
L 3.431378 3.425 3.466811 3.425 0 P 0
L 3.4368504 4.445 3.4368504 4.485 0 P 0
L 3.4490945 3.4072835 3.4490945 3.4427165 0 P 0
L 3.4936418 4.895 3.5263582 4.895 0 P 0
L 3.51 4.8786418 3.51 4.9113582 0 P 0
L 3.5254725 3.425 3.5609055 3.425 0 P 0
L 3.543189 3.4072835 3.543189 3.4427165 0 P 0
L 3.565 3.66 3.605 3.66 0 P 0
L 3.565 4.06 3.605 4.06 0 P 0
L 3.585 3.64 3.585 3.68 0 P 0
L 3.585 4.04 3.585 4.08 0 P 0
L 3.667252 4.86 3.698748 4.86 0 P 0
L 3.683 4.844252 3.683 4.875748 0 P 0
L 3.719252 4.33 3.750748 4.33 0 P 0
L 3.719252 4.53 3.750748 4.53 0 P 0
L 3.735 4.314252 3.735 4.345748 0 P 0
L 3.735 4.514252 3.735 4.545748 0 P 0
L 3.749 4.86 3.781 4.86 0 P 0
L 3.765 4.844 3.765 4.876 0 P 0
L 3.819252 3.0794882 3.850748 3.0794882 0 P 0
L 3.819252 3.485 3.850748 3.485 0 P 0
L 3.829 4.86 3.861 4.86 0 P 0
L 3.835 3.0637402 3.835 3.0952362 0 P 0
L 3.835 3.469252 3.835 3.500748 0 P 0
L 3.845 4.844 3.845 4.876 0 P 0
L 3.885 4.325 3.915 4.325 0 P 0
L 3.885 4.525 3.915 4.525 0 P 0
L 3.9 4.31 3.9 4.34 0 P 0
L 3.9 4.51 3.9 4.54 0 P 0
L 3.909 4.86 3.941 4.86 0 P 0
L 3.925 4.844 3.925 4.876 0 P 0
L 3.965315 3.7265748 4.004685 3.7265748 0 P 0
L 3.965315 3.825 4.004685 3.825 0 P 0
L 3.985 3.7068898 3.985 3.7462598 0 P 0
L 3.985 3.805315 3.985 3.844685 0 P 0
L 3.991252 4.86 4.022748 4.86 0 P 0
L 4.007 4.844252 4.007 4.875748 0 P 0
L 4.0122835 3.425 4.0477165 3.425 0 P 0
L 4.029252 4.33 4.060748 4.33 0 P 0
L 4.029252 4.53 4.060748 4.53 0 P 0
L 4.03 3.4072835 4.03 3.4427165 0 P 0
L 4.045 4.314252 4.045 4.345748 0 P 0
L 4.045 4.514252 4.045 4.545748 0 P 0
L 4.106378 3.425 4.141811 3.425 0 P 0
L 4.1240945 3.4072835 4.1240945 3.4427165 0 P 0
L 4.143189 4.32 4.166811 4.32 0 P 0
L 4.155 4.308189 4.155 4.331811 0 P 0
L 4.2004725 3.425 4.2359055 3.425 0 P 0
L 4.218189 3.4072835 4.218189 3.4427165 0 P 0
L 4.235 3.65 4.275 3.65 0 P 0
L 4.235 4.05 4.275 4.05 0 P 0
L 4.255 3.63 4.255 3.67 0 P 0
L 4.255 4.03 4.255 4.07 0 P 0
L 4.315 4.505 4.355 4.505 0 P 0
L 4.315 4.605 4.355 4.605 0 P 0
L 4.315 4.705 4.355 4.705 0 P 0
L 4.335 4.485 4.335 4.525 0 P 0
L 4.335 4.585 4.335 4.625 0 P 0
L 4.335 4.685 4.335 4.725 0 P 0
L 4.479252 3.0794882 4.510748 3.0794882 0 P 0
L 4.479252 3.485 4.510748 3.485 0 P 0
L 4.495 3.0637402 4.495 3.0952362 0 P 0
L 4.495 3.469252 4.495 3.500748 0 P 0
L 4.613189 4.32 4.636811 4.32 0 P 0
L 4.615315 3.7265748 4.654685 3.7265748 0 P 0
L 4.615315 3.825 4.654685 3.825 0 P 0
L 4.625 4.308189 4.625 4.331811 0 P 0
L 4.635 3.7068898 4.635 3.7462598 0 P 0
L 4.635 3.805315 4.635 3.844685 0 P 0
L 4.663189 3.43 4.698622 3.43 0 P 0
L 4.6809055 3.4122835 4.6809055 3.4477165 0 P 0
L 4.72 4.29 4.75 4.29 0 P 0
L 4.735 4.275 4.735 4.305 0 P 0
L 4.7572835 3.43 4.7927165 3.43 0 P 0
L 4.775 3.4122835 4.775 3.4477165 0 P 0
L 4.82 4.29 4.85 4.29 0 P 0
L 4.835 4.275 4.835 4.305 0 P 0
L 4.851378 3.43 4.886811 3.43 0 P 0
L 4.8690945 3.4122835 4.8690945 3.4477165 0 P 0
L 4.895 3.65 4.935 3.65 0 P 0
L 4.895 4.05 4.935 4.05 0 P 0
L 4.915 3.63 4.915 3.67 0 P 0
L 4.915 4.03 4.915 4.07 0 P 0
