#Layer_Color=6321
#
#Feature symbol names
#
$0 r5
$1 r6.6666
$2 r4

#
#Feature attribute names
#

#
#Layer features
#
A 1.925 2.85 1.925 2.85 1.905 2.85 1 P 0 N
A 1.925 2.95 1.925 2.95 1.905 2.95 1 P 0 N
A 1.925 3.05 1.925 3.05 1.905 3.05 1 P 0 N
A 1.925 3.15 1.925 3.15 1.905 3.15 1 P 0 N
A 1.925 3.25 1.925 3.25 1.905 3.25 1 P 0 N
A 1.925 3.35 1.925 3.35 1.905 3.35 1 P 0 N
A 1.925 3.45 1.925 3.45 1.905 3.45 1 P 0 N
A 1.925 3.55 1.925 3.55 1.905 3.55 1 P 0 N
A 1.925 3.65 1.925 3.65 1.905 3.65 1 P 0 N
A 1.925 3.75 1.925 3.75 1.905 3.75 1 P 0 N
A 1.925 3.85 1.925 3.85 1.905 3.85 1 P 0 N
A 1.925 3.95 1.925 3.95 1.905 3.95 1 P 0 N
A 1.925 4.05 1.925 4.05 1.905 4.05 1 P 0 N
A 1.925 4.15 1.925 4.15 1.905 4.15 1 P 0 N
A 1.925 4.25 1.925 4.25 1.905 4.25 1 P 0 N
A 2.925 2.85 2.925 2.85 2.905 2.85 1 P 0 N
A 2.925 2.95 2.925 2.95 2.905 2.95 1 P 0 N
A 2.925 3.05 2.925 3.05 2.905 3.05 1 P 0 N
A 2.925 3.15 2.925 3.15 2.905 3.15 1 P 0 N
A 2.925 3.25 2.925 3.25 2.905 3.25 1 P 0 N
A 2.925 3.35 2.925 3.35 2.905 3.35 1 P 0 N
A 2.925 3.45 2.925 3.45 2.905 3.45 1 P 0 N
A 2.925 3.55 2.925 3.55 2.905 3.55 1 P 0 N
A 2.925 3.65 2.925 3.65 2.905 3.65 1 P 0 N
A 2.925 3.75 2.925 3.75 2.905 3.75 1 P 0 N
A 2.925 3.85 2.925 3.85 2.905 3.85 1 P 0 N
A 2.925 3.95 2.925 3.95 2.905 3.95 1 P 0 N
A 2.925 4.05 2.925 4.05 2.905 4.05 1 P 0 N
A 2.925 4.15 2.925 4.15 2.905 4.15 1 P 0 N
A 2.925 4.25 2.925 4.25 2.905 4.25 1 P 0 N
A 3.777 4.86 3.777 4.86 3.765 4.86 2 P 0 N
A 3.785 4.86 3.785 4.86 3.765 4.86 1 P 0 N
A 3.857 4.86 3.857 4.86 3.845 4.86 2 P 0 N
A 3.865 4.86 3.865 4.86 3.845 4.86 1 P 0 N
A 3.937 4.86 3.937 4.86 3.925 4.86 2 P 0 N
A 3.945 4.86 3.945 4.86 3.925 4.86 1 P 0 N
L 1.07 4.835 1.07 4.845 0 P 0
L 1.07 4.835 1.08 4.835 0 P 0
L 1.07 4.845 1.08 4.855 0 P 0
L 1.07 4.865 1.07 4.875 0 P 0
L 1.07 4.865 1.08 4.855 0 P 0
L 1.07 4.875 1.08 4.875 0 P 0
L 1.08 4.835 1.09 4.845 0 P 0
L 1.08 4.875 1.09 4.865 0 P 0
L 1.09 4.845 1.1 4.835 0 P 0
L 1.09 4.865 1.1 4.875 0 P 0
L 1.1 4.835 1.11 4.835 0 P 0
L 1.1 4.855 1.11 4.845 0 P 0
L 1.1 4.855 1.11 4.865 0 P 0
L 1.1 4.875 1.11 4.875 0 P 0
L 1.1068501 3.4899992 1.1068501 3.5299992 0 P 0
L 1.1068501 3.4899992 1.1468501 3.4899992 0 P 0
L 1.1068501 3.5299992 1.1468501 3.5299992 0 P 0
L 1.11 4.835 1.11 4.845 0 P 0
L 1.11 4.865 1.11 4.875 0 P 0
L 1.1468501 3.4899992 1.1468501 3.5299992 0 P 0
L 1.17 4.835 1.17 4.845 0 P 0
L 1.17 4.835 1.18 4.835 0 P 0
L 1.17 4.845 1.18 4.855 0 P 0
L 1.17 4.865 1.17 4.875 0 P 0
L 1.17 4.865 1.18 4.855 0 P 0
L 1.17 4.875 1.18 4.875 0 P 0
L 1.18 4.835 1.19 4.845 0 P 0
L 1.18 4.875 1.19 4.865 0 P 0
L 1.19 4.215 1.21 4.195 0 P 0
L 1.19 4.215 1.21 4.235 0 P 0
L 1.19 4.615 1.21 4.595 0 P 0
L 1.19 4.615 1.21 4.635 0 P 0
L 1.19 4.845 1.2 4.835 0 P 0
L 1.19 4.865 1.2 4.875 0 P 0
L 1.2 4.835 1.21 4.835 0 P 0
L 1.2 4.855 1.21 4.845 0 P 0
L 1.2 4.855 1.21 4.865 0 P 0
L 1.2 4.875 1.21 4.875 0 P 0
L 1.21 4.195 1.23 4.215 0 P 0
L 1.21 4.235 1.23 4.215 0 P 0
L 1.21 4.595 1.23 4.615 0 P 0
L 1.21 4.635 1.23 4.615 0 P 0
L 1.21 4.835 1.21 4.845 0 P 0
L 1.21 4.865 1.21 4.875 0 P 0
L 1.235 3.815 1.255 3.775 0 P 0
L 1.235 3.815 1.275 3.815 0 P 0
L 1.235 4.0118504 1.255 3.9718504 0 P 0
L 1.235 4.0118504 1.275 4.0118504 0 P 0
L 1.255 3.775 1.275 3.815 0 P 0
L 1.255 3.9718504 1.275 4.0118504 0 P 0
L 1.27 4.835 1.27 4.845 0 P 0
L 1.27 4.835 1.28 4.835 0 P 0
L 1.27 4.845 1.28 4.855 0 P 0
L 1.27 4.865 1.27 4.875 0 P 0
L 1.27 4.865 1.28 4.855 0 P 0
L 1.27 4.875 1.28 4.875 0 P 0
L 1.28 4.835 1.29 4.845 0 P 0
L 1.28 4.875 1.29 4.865 0 P 0
L 1.29 4.845 1.3 4.835 0 P 0
L 1.29 4.865 1.3 4.875 0 P 0
L 1.3 4.835 1.31 4.835 0 P 0
L 1.3 4.855 1.31 4.845 0 P 0
L 1.3 4.855 1.31 4.865 0 P 0
L 1.3 4.875 1.31 4.875 0 P 0
L 1.31 4.835 1.31 4.845 0 P 0
L 1.31 4.865 1.31 4.875 0 P 0
L 1.37 4.835 1.38 4.855 0 P 0
L 1.37 4.835 1.39 4.845 0 P 0
L 1.37 4.875 1.38 4.855 0 P 0
L 1.37 4.875 1.39 4.865 0 P 0
L 1.378 4.843 1.384 4.855 0 P 0
L 1.378 4.843 1.39 4.849 0 P 0
L 1.378 4.867 1.384 4.855 0 P 0
L 1.378 4.867 1.39 4.861 0 P 0
L 1.39 4.845 1.41 4.835 0 P 0
L 1.39 4.849 1.402 4.843 0 P 0
L 1.39 4.861 1.402 4.867 0 P 0
L 1.39 4.865 1.41 4.875 0 P 0
L 1.396 4.855 1.402 4.843 0 P 0
L 1.396 4.855 1.402 4.867 0 P 0
L 1.4 4.855 1.41 4.835 0 P 0
L 1.4 4.855 1.41 4.875 0 P 0
L 1.44 4.215 1.46 4.195 0 P 0
L 1.44 4.215 1.46 4.235 0 P 0
L 1.44 4.615 1.46 4.595 0 P 0
L 1.44 4.615 1.46 4.635 0 P 0
L 1.46 4.195 1.48 4.215 0 P 0
L 1.46 4.235 1.48 4.215 0 P 0
L 1.46 4.595 1.48 4.615 0 P 0
L 1.46 4.635 1.48 4.615 0 P 0
L 1.495 3.61 1.505 3.63 0 P 0
L 1.495 3.61 1.515 3.62 0 P 0
L 1.495 3.65 1.505 3.63 0 P 0
L 1.495 3.65 1.515 3.64 0 P 0
L 1.495 4.015 1.505 4.035 0 P 0
L 1.495 4.015 1.515 4.025 0 P 0
L 1.495 4.055 1.505 4.035 0 P 0
L 1.495 4.055 1.515 4.045 0 P 0
L 1.503 3.618 1.509 3.63 0 P 0
L 1.503 3.618 1.515 3.624 0 P 0
L 1.503 3.642 1.509 3.63 0 P 0
L 1.503 3.642 1.515 3.636 0 P 0
L 1.503 4.023 1.509 4.035 0 P 0
L 1.503 4.023 1.515 4.029 0 P 0
L 1.503 4.047 1.509 4.035 0 P 0
L 1.503 4.047 1.515 4.041 0 P 0
L 1.515 3.62 1.535 3.61 0 P 0
L 1.515 3.624 1.527 3.618 0 P 0
L 1.515 3.636 1.527 3.642 0 P 0
L 1.515 3.64 1.535 3.65 0 P 0
L 1.515 4.025 1.535 4.015 0 P 0
L 1.515 4.029 1.527 4.023 0 P 0
L 1.515 4.041 1.527 4.047 0 P 0
L 1.515 4.045 1.535 4.055 0 P 0
L 1.521 3.63 1.527 3.618 0 P 0
L 1.521 3.63 1.527 3.642 0 P 0
L 1.521 4.035 1.527 4.023 0 P 0
L 1.521 4.035 1.527 4.047 0 P 0
L 1.525 3.63 1.535 3.61 0 P 0
L 1.525 3.63 1.535 3.65 0 P 0
L 1.525 4.035 1.535 4.015 0 P 0
L 1.525 4.035 1.535 4.055 0 P 0
L 1.57 4.835 1.57 4.845 0 P 0
L 1.57 4.835 1.58 4.835 0 P 0
L 1.57 4.845 1.58 4.855 0 P 0
L 1.57 4.865 1.57 4.875 0 P 0
L 1.57 4.865 1.58 4.855 0 P 0
L 1.57 4.875 1.58 4.875 0 P 0
L 1.58 4.835 1.59 4.845 0 P 0
L 1.58 4.875 1.59 4.865 0 P 0
L 1.59 4.845 1.6 4.835 0 P 0
L 1.59 4.865 1.6 4.875 0 P 0
L 1.6 4.835 1.61 4.835 0 P 0
L 1.6 4.855 1.61 4.845 0 P 0
L 1.6 4.855 1.61 4.865 0 P 0
L 1.6 4.875 1.61 4.875 0 P 0
L 1.61 4.835 1.61 4.845 0 P 0
L 1.61 4.865 1.61 4.875 0 P 0
L 1.67 4.835 1.67 4.845 0 P 0
L 1.67 4.835 1.68 4.835 0 P 0
L 1.67 4.845 1.68 4.855 0 P 0
L 1.67 4.865 1.67 4.875 0 P 0
L 1.67 4.865 1.68 4.855 0 P 0
L 1.67 4.875 1.68 4.875 0 P 0
L 1.68 4.835 1.69 4.845 0 P 0
L 1.68 4.875 1.69 4.865 0 P 0
L 1.685 3.6 1.695 3.62 0 P 0
L 1.685 3.6 1.705 3.61 0 P 0
L 1.685 3.64 1.695 3.62 0 P 0
L 1.685 3.64 1.705 3.63 0 P 0
L 1.685 4.005 1.695 4.025 0 P 0
L 1.685 4.005 1.705 4.015 0 P 0
L 1.685 4.045 1.695 4.025 0 P 0
L 1.685 4.045 1.705 4.035 0 P 0
L 1.69 4.215 1.71 4.195 0 P 0
L 1.69 4.215 1.71 4.235 0 P 0
L 1.69 4.615 1.71 4.595 0 P 0
L 1.69 4.615 1.71 4.635 0 P 0
L 1.69 4.845 1.7 4.835 0 P 0
L 1.69 4.865 1.7 4.875 0 P 0
L 1.693 3.608 1.699 3.62 0 P 0
L 1.693 3.608 1.705 3.614 0 P 0
L 1.693 3.632 1.699 3.62 0 P 0
L 1.693 3.632 1.705 3.626 0 P 0
L 1.693 4.013 1.699 4.025 0 P 0
L 1.693 4.013 1.705 4.019 0 P 0
L 1.693 4.037 1.699 4.025 0 P 0
L 1.693 4.037 1.705 4.031 0 P 0
L 1.7 4.835 1.71 4.835 0 P 0
L 1.7 4.855 1.71 4.845 0 P 0
L 1.7 4.855 1.71 4.865 0 P 0
L 1.7 4.875 1.71 4.875 0 P 0
L 1.705 3.61 1.725 3.6 0 P 0
L 1.705 3.614 1.717 3.608 0 P 0
L 1.705 3.626 1.717 3.632 0 P 0
L 1.705 3.63 1.725 3.64 0 P 0
L 1.705 4.015 1.725 4.005 0 P 0
L 1.705 4.019 1.717 4.013 0 P 0
L 1.705 4.031 1.717 4.037 0 P 0
L 1.705 4.035 1.725 4.045 0 P 0
L 1.71 4.195 1.73 4.215 0 P 0
L 1.71 4.235 1.73 4.215 0 P 0
L 1.71 4.595 1.73 4.615 0 P 0
L 1.71 4.635 1.73 4.615 0 P 0
L 1.71 4.835 1.71 4.845 0 P 0
L 1.71 4.865 1.71 4.875 0 P 0
L 1.711 3.62 1.717 3.608 0 P 0
L 1.711 3.62 1.717 3.632 0 P 0
L 1.711 4.025 1.717 4.013 0 P 0
L 1.711 4.025 1.717 4.037 0 P 0
L 1.7131499 3.4900008 1.7131499 3.5300008 0 P 0
L 1.7131499 3.4900008 1.7531499 3.4900008 0 P 0
L 1.7131499 3.5300008 1.7531499 3.5300008 0 P 0
L 1.715 3.62 1.725 3.6 0 P 0
L 1.715 3.62 1.725 3.64 0 P 0
L 1.715 4.025 1.725 4.005 0 P 0
L 1.715 4.025 1.725 4.045 0 P 0
L 1.7531499 3.4900008 1.7531499 3.5300008 0 P 0
L 1.77 4.835 1.77 4.845 0 P 0
L 1.77 4.835 1.78 4.835 0 P 0
L 1.77 4.845 1.78 4.855 0 P 0
L 1.77 4.865 1.77 4.875 0 P 0
L 1.77 4.865 1.78 4.855 0 P 0
L 1.77 4.875 1.78 4.875 0 P 0
L 1.78 4.835 1.79 4.845 0 P 0
L 1.78 4.875 1.79 4.865 0 P 0
L 1.79 4.845 1.8 4.835 0 P 0
L 1.79 4.865 1.8 4.875 0 P 0
L 1.8 4.835 1.81 4.835 0 P 0
L 1.8 4.855 1.81 4.845 0 P 0
L 1.8 4.855 1.81 4.865 0 P 0
L 1.8 4.875 1.81 4.875 0 P 0
L 1.81 4.835 1.81 4.845 0 P 0
L 1.81 4.865 1.81 4.875 0 P 0
L 1.87 4.835 1.88 4.855 0 P 0
L 1.87 4.835 1.89 4.845 0 P 0
L 1.87 4.875 1.88 4.855 0 P 0
L 1.87 4.875 1.89 4.865 0 P 0
L 1.878 4.843 1.884 4.855 0 P 0
L 1.878 4.843 1.89 4.849 0 P 0
L 1.878 4.867 1.884 4.855 0 P 0
L 1.878 4.867 1.89 4.861 0 P 0
L 1.89 4.845 1.91 4.835 0 P 0
L 1.89 4.849 1.902 4.843 0 P 0
L 1.89 4.861 1.902 4.867 0 P 0
L 1.89 4.865 1.91 4.875 0 P 0
L 1.896 4.855 1.902 4.843 0 P 0
L 1.896 4.855 1.902 4.867 0 P 0
L 1.9 4.855 1.91 4.835 0 P 0
L 1.9 4.855 1.91 4.875 0 P 0
L 2.83 4.84 2.83 4.85 0 P 0
L 2.83 4.84 2.84 4.84 0 P 0
L 2.83 4.85 2.84 4.86 0 P 0
L 2.83 4.87 2.83 4.88 0 P 0
L 2.83 4.87 2.84 4.86 0 P 0
L 2.83 4.88 2.84 4.88 0 P 0
L 2.84 4.84 2.85 4.85 0 P 0
L 2.84 4.88 2.85 4.87 0 P 0
L 2.85 4.85 2.86 4.84 0 P 0
L 2.85 4.87 2.86 4.88 0 P 0
L 2.86 4.84 2.87 4.84 0 P 0
L 2.86 4.86 2.87 4.85 0 P 0
L 2.86 4.86 2.87 4.87 0 P 0
L 2.86 4.88 2.87 4.88 0 P 0
L 2.87 4.84 2.87 4.85 0 P 0
L 2.87 4.87 2.87 4.88 0 P 0
L 2.93 4.84 2.93 4.85 0 P 0
L 2.93 4.84 2.94 4.84 0 P 0
L 2.93 4.85 2.94 4.86 0 P 0
L 2.93 4.87 2.93 4.88 0 P 0
L 2.93 4.87 2.94 4.86 0 P 0
L 2.93 4.88 2.94 4.88 0 P 0
L 2.94 4.84 2.95 4.85 0 P 0
L 2.94 4.88 2.95 4.87 0 P 0
L 2.95 4.85 2.96 4.84 0 P 0
L 2.95 4.87 2.96 4.88 0 P 0
L 2.96 4.84 2.97 4.84 0 P 0
L 2.96 4.86 2.97 4.85 0 P 0
L 2.96 4.86 2.97 4.87 0 P 0
L 2.96 4.88 2.97 4.88 0 P 0
L 2.97 4.84 2.97 4.85 0 P 0
L 2.97 4.87 2.97 4.88 0 P 0
L 3.03 4.84 3.03 4.85 0 P 0
L 3.03 4.84 3.04 4.84 0 P 0
L 3.03 4.85 3.04 4.86 0 P 0
L 3.03 4.87 3.03 4.88 0 P 0
L 3.03 4.87 3.04 4.86 0 P 0
L 3.03 4.88 3.04 4.88 0 P 0
L 3.04 4.84 3.05 4.85 0 P 0
L 3.04 4.88 3.05 4.87 0 P 0
L 3.05 4.85 3.06 4.84 0 P 0
L 3.05 4.87 3.06 4.88 0 P 0
L 3.06 4.84 3.07 4.84 0 P 0
L 3.06 4.86 3.07 4.85 0 P 0
L 3.06 4.86 3.07 4.87 0 P 0
L 3.06 4.88 3.07 4.88 0 P 0
L 3.07 4.84 3.07 4.85 0 P 0
L 3.07 4.87 3.07 4.88 0 P 0
L 3.13 4.84 3.14 4.86 0 P 0
L 3.13 4.84 3.15 4.85 0 P 0
L 3.13 4.88 3.14 4.86 0 P 0
L 3.13 4.88 3.15 4.87 0 P 0
L 3.138 4.848 3.144 4.86 0 P 0
L 3.138 4.848 3.15 4.854 0 P 0
L 3.138 4.872 3.144 4.86 0 P 0
L 3.138 4.872 3.15 4.866 0 P 0
L 3.14 3.0994882 3.16 3.0594882 0 P 0
L 3.14 3.0994882 3.18 3.0994882 0 P 0
L 3.14 3.505 3.16 3.465 0 P 0
L 3.14 3.505 3.18 3.505 0 P 0
L 3.15 4.85 3.17 4.84 0 P 0
L 3.15 4.854 3.162 4.848 0 P 0
L 3.15 4.866 3.162 4.872 0 P 0
L 3.15 4.87 3.17 4.88 0 P 0
L 3.156 4.86 3.162 4.848 0 P 0
L 3.156 4.86 3.162 4.872 0 P 0
L 3.16 3.0594882 3.18 3.0994882 0 P 0
L 3.16 3.465 3.18 3.505 0 P 0
L 3.16 4.86 3.17 4.84 0 P 0
L 3.16 4.86 3.17 4.88 0 P 0
L 3.22 4.465 3.24 4.445 0 P 0
L 3.22 4.465 3.24 4.485 0 P 0
L 3.24 4.445 3.26 4.465 0 P 0
L 3.24 4.485 3.26 4.465 0 P 0
L 3.295 3.7065748 3.305 3.7265748 0 P 0
L 3.295 3.7065748 3.315 3.7165748 0 P 0
L 3.295 3.7465748 3.305 3.7265748 0 P 0
L 3.295 3.7465748 3.315 3.7365748 0 P 0
L 3.295 3.805 3.305 3.825 0 P 0
L 3.295 3.805 3.315 3.815 0 P 0
L 3.295 3.845 3.305 3.825 0 P 0
L 3.295 3.845 3.315 3.835 0 P 0
L 3.315 3.7165748 3.335 3.7065748 0 P 0
L 3.315 3.7365748 3.335 3.7465748 0 P 0
L 3.315 3.815 3.335 3.805 0 P 0
L 3.315 3.835 3.335 3.845 0 P 0
L 3.325 3.7265748 3.335 3.7065748 0 P 0
L 3.325 3.7265748 3.335 3.7465748 0 P 0
L 3.325 3.825 3.335 3.805 0 P 0
L 3.325 3.825 3.335 3.845 0 P 0
L 3.335 3.405 3.335 3.415 0 P 0
L 3.335 3.405 3.345 3.405 0 P 0
L 3.335 3.415 3.345 3.425 0 P 0
L 3.335 3.435 3.335 3.445 0 P 0
L 3.335 3.435 3.345 3.425 0 P 0
L 3.335 3.445 3.345 3.445 0 P 0
L 3.34 4.885 3.35 4.885 0 P 0
L 3.34 4.885 3.35 4.895 0 P 0
L 3.34 4.905 3.35 4.895 0 P 0
L 3.34 4.905 3.35 4.905 0 P 0
L 3.345 3.405 3.355 3.415 0 P 0
L 3.345 3.445 3.355 3.435 0 P 0
L 3.348 4.889 3.354 4.889 0 P 0
L 3.348 4.889 3.354 4.895 0 P 0
L 3.348 4.901 3.354 4.895 0 P 0
L 3.348 4.901 3.354 4.901 0 P 0
L 3.35 4.885 3.36 4.875 0 P 0
L 3.35 4.905 3.36 4.915 0 P 0
L 3.354 4.889 3.36 4.883 0 P 0
L 3.354 4.901 3.36 4.907 0 P 0
L 3.355 3.415 3.365 3.405 0 P 0
L 3.355 3.435 3.365 3.445 0 P 0
L 3.36 4.875 3.37 4.885 0 P 0
L 3.36 4.883 3.366 4.889 0 P 0
L 3.36 4.907 3.366 4.901 0 P 0
L 3.36 4.915 3.37 4.905 0 P 0
L 3.365 3.405 3.375 3.405 0 P 0
L 3.365 3.425 3.375 3.415 0 P 0
L 3.365 3.425 3.375 3.435 0 P 0
L 3.365 3.445 3.375 3.445 0 P 0
L 3.366 4.889 3.372 4.889 0 P 0
L 3.366 4.895 3.372 4.889 0 P 0
L 3.366 4.895 3.372 4.901 0 P 0
L 3.366 4.901 3.372 4.901 0 P 0
L 3.37 4.885 3.38 4.885 0 P 0
L 3.37 4.895 3.38 4.885 0 P 0
L 3.37 4.895 3.38 4.905 0 P 0
L 3.37 4.905 3.38 4.905 0 P 0
L 3.375 3.405 3.375 3.415 0 P 0
L 3.375 3.435 3.375 3.445 0 P 0
L 3.4168504 4.465 3.4368504 4.445 0 P 0
L 3.4168504 4.465 3.4368504 4.485 0 P 0
L 3.4290945 3.405 3.4290945 3.415 0 P 0
L 3.4290945 3.405 3.4390945 3.405 0 P 0
L 3.4290945 3.415 3.4390945 3.425 0 P 0
L 3.4290945 3.435 3.4290945 3.445 0 P 0
L 3.4290945 3.435 3.4390945 3.425 0 P 0
L 3.4290945 3.445 3.4390945 3.445 0 P 0
L 3.4368504 4.445 3.4568504 4.465 0 P 0
L 3.4368504 4.485 3.4568504 4.465 0 P 0
L 3.4390945 3.405 3.4490945 3.415 0 P 0
L 3.4390945 3.445 3.4490945 3.435 0 P 0
L 3.4490945 3.415 3.4590945 3.405 0 P 0
L 3.4490945 3.435 3.4590945 3.445 0 P 0
L 3.4590945 3.405 3.4690945 3.405 0 P 0
L 3.4590945 3.425 3.4690945 3.415 0 P 0
L 3.4590945 3.425 3.4690945 3.435 0 P 0
L 3.4590945 3.445 3.4690945 3.445 0 P 0
L 3.4690945 3.405 3.4690945 3.415 0 P 0
L 3.4690945 3.435 3.4690945 3.445 0 P 0
L 3.49 4.885 3.5 4.885 0 P 0
L 3.49 4.885 3.5 4.895 0 P 0
L 3.49 4.905 3.5 4.895 0 P 0
L 3.49 4.905 3.5 4.905 0 P 0
L 3.498 4.889 3.504 4.889 0 P 0
L 3.498 4.889 3.504 4.895 0 P 0
L 3.498 4.901 3.504 4.895 0 P 0
L 3.498 4.901 3.504 4.901 0 P 0
L 3.5 4.885 3.51 4.875 0 P 0
L 3.5 4.905 3.51 4.915 0 P 0
L 3.504 4.889 3.51 4.883 0 P 0
L 3.504 4.901 3.51 4.907 0 P 0
L 3.51 4.875 3.52 4.885 0 P 0
L 3.51 4.883 3.516 4.889 0 P 0
L 3.51 4.907 3.516 4.901 0 P 0
L 3.51 4.915 3.52 4.905 0 P 0
L 3.516 4.889 3.522 4.889 0 P 0
L 3.516 4.895 3.522 4.889 0 P 0
L 3.516 4.895 3.522 4.901 0 P 0
L 3.516 4.901 3.522 4.901 0 P 0
L 3.52 4.885 3.53 4.885 0 P 0
L 3.52 4.895 3.53 4.885 0 P 0
L 3.52 4.895 3.53 4.905 0 P 0
L 3.52 4.905 3.53 4.905 0 P 0
L 3.523189 3.405 3.523189 3.415 0 P 0
L 3.523189 3.405 3.533189 3.405 0 P 0
L 3.523189 3.415 3.533189 3.425 0 P 0
L 3.523189 3.435 3.523189 3.445 0 P 0
L 3.523189 3.435 3.533189 3.425 0 P 0
L 3.523189 3.445 3.533189 3.445 0 P 0
L 3.533189 3.405 3.543189 3.415 0 P 0
L 3.533189 3.445 3.543189 3.435 0 P 0
L 3.543189 3.415 3.553189 3.405 0 P 0
L 3.543189 3.435 3.553189 3.445 0 P 0
L 3.553189 3.405 3.563189 3.405 0 P 0
L 3.553189 3.425 3.563189 3.415 0 P 0
L 3.553189 3.425 3.563189 3.435 0 P 0
L 3.553189 3.445 3.563189 3.445 0 P 0
L 3.563189 3.405 3.563189 3.415 0 P 0
L 3.563189 3.435 3.563189 3.445 0 P 0
L 3.565 3.66 3.585 3.64 0 P 0
L 3.565 3.66 3.585 3.68 0 P 0
L 3.565 4.06 3.585 4.04 0 P 0
L 3.565 4.06 3.585 4.08 0 P 0
L 3.585 3.64 3.605 3.66 0 P 0
L 3.585 3.68 3.605 3.66 0 P 0
L 3.585 4.04 3.605 4.06 0 P 0
L 3.585 4.08 3.605 4.06 0 P 0
L 3.663 4.84 3.663 4.88 0 P 0
L 3.663 4.84 3.703 4.84 0 P 0
L 3.663 4.88 3.703 4.88 0 P 0
L 3.671 4.848 3.671 4.872 0 P 0
L 3.671 4.848 3.695 4.848 0 P 0
L 3.671 4.872 3.695 4.872 0 P 0
L 3.695 4.848 3.695 4.872 0 P 0
L 3.703 4.84 3.703 4.88 0 P 0
L 3.715 4.35 3.735 4.31 0 P 0
L 3.715 4.35 3.755 4.35 0 P 0
L 3.715 4.55 3.735 4.51 0 P 0
L 3.715 4.55 3.755 4.55 0 P 0
L 3.735 4.31 3.755 4.35 0 P 0
L 3.735 4.51 3.755 4.55 0 P 0
L 3.815 3.0994882 3.835 3.0594882 0 P 0
L 3.815 3.0994882 3.855 3.0994882 0 P 0
L 3.815 3.505 3.835 3.465 0 P 0
L 3.815 3.505 3.855 3.505 0 P 0
L 3.835 3.0594882 3.855 3.0994882 0 P 0
L 3.835 3.465 3.855 3.505 0 P 0
L 3.88 4.305 3.88 4.345 0 P 0
L 3.88 4.305 3.92 4.305 0 P 0
L 3.88 4.345 3.92 4.345 0 P 0
L 3.88 4.505 3.88 4.545 0 P 0
L 3.88 4.505 3.92 4.505 0 P 0
L 3.88 4.545 3.92 4.545 0 P 0
L 3.92 4.305 3.92 4.345 0 P 0
L 3.92 4.505 3.92 4.545 0 P 0
L 3.965 3.7065748 3.975 3.7265748 0 P 0
L 3.965 3.7065748 3.985 3.7165748 0 P 0
L 3.965 3.7465748 3.975 3.7265748 0 P 0
L 3.965 3.7465748 3.985 3.7365748 0 P 0
L 3.965 3.805 3.975 3.825 0 P 0
L 3.965 3.805 3.985 3.815 0 P 0
L 3.965 3.845 3.975 3.825 0 P 0
L 3.965 3.845 3.985 3.835 0 P 0
L 3.985 3.7165748 4.005 3.7065748 0 P 0
L 3.985 3.7365748 4.005 3.7465748 0 P 0
L 3.985 3.815 4.005 3.805 0 P 0
L 3.985 3.835 4.005 3.845 0 P 0
L 3.987 4.84 3.987 4.88 0 P 0
L 3.987 4.84 4.027 4.84 0 P 0
L 3.987 4.88 4.027 4.88 0 P 0
L 3.995 3.7265748 4.005 3.7065748 0 P 0
L 3.995 3.7265748 4.005 3.7465748 0 P 0
L 3.995 3.825 4.005 3.805 0 P 0
L 3.995 3.825 4.005 3.845 0 P 0
L 3.995 4.848 3.995 4.872 0 P 0
L 3.995 4.848 4.019 4.848 0 P 0
L 3.995 4.872 4.019 4.872 0 P 0
L 4.01 3.405 4.01 3.415 0 P 0
L 4.01 3.405 4.02 3.405 0 P 0
L 4.01 3.415 4.02 3.425 0 P 0
L 4.01 3.435 4.01 3.445 0 P 0
L 4.01 3.435 4.02 3.425 0 P 0
L 4.01 3.445 4.02 3.445 0 P 0
L 4.019 4.848 4.019 4.872 0 P 0
L 4.02 3.405 4.03 3.415 0 P 0
L 4.02 3.445 4.03 3.435 0 P 0
L 4.025 4.35 4.045 4.31 0 P 0
L 4.025 4.35 4.065 4.35 0 P 0
L 4.025 4.55 4.045 4.51 0 P 0
L 4.025 4.55 4.065 4.55 0 P 0
L 4.027 4.84 4.027 4.88 0 P 0
L 4.03 3.415 4.04 3.405 0 P 0
L 4.03 3.435 4.04 3.445 0 P 0
L 4.04 3.405 4.05 3.405 0 P 0
L 4.04 3.425 4.05 3.415 0 P 0
L 4.04 3.425 4.05 3.435 0 P 0
L 4.04 3.445 4.05 3.445 0 P 0
L 4.045 4.31 4.065 4.35 0 P 0
L 4.045 4.51 4.065 4.55 0 P 0
L 4.05 3.405 4.05 3.415 0 P 0
L 4.05 3.435 4.05 3.445 0 P 0
L 4.1040945 3.405 4.1040945 3.415 0 P 0
L 4.1040945 3.405 4.1140945 3.405 0 P 0
L 4.1040945 3.415 4.1140945 3.425 0 P 0
L 4.1040945 3.435 4.1040945 3.445 0 P 0
L 4.1040945 3.435 4.1140945 3.425 0 P 0
L 4.1040945 3.445 4.1140945 3.445 0 P 0
L 4.1140945 3.405 4.1240945 3.415 0 P 0
L 4.1140945 3.445 4.1240945 3.435 0 P 0
L 4.1240945 3.415 4.1340945 3.405 0 P 0
L 4.1240945 3.435 4.1340945 3.445 0 P 0
L 4.1340945 3.405 4.1440945 3.405 0 P 0
L 4.1340945 3.425 4.1440945 3.415 0 P 0
L 4.1340945 3.425 4.1440945 3.435 0 P 0
L 4.1340945 3.445 4.1440945 3.445 0 P 0
L 4.135 4.34 4.155 4.3 0 P 0
L 4.135 4.34 4.175 4.34 0 P 0
L 4.143 4.332 4.155 4.308 0 P 0
L 4.143 4.332 4.167 4.332 0 P 0
L 4.1440945 3.405 4.1440945 3.415 0 P 0
L 4.1440945 3.435 4.1440945 3.445 0 P 0
L 4.155 4.3 4.175 4.34 0 P 0
L 4.155 4.308 4.167 4.332 0 P 0
L 4.198189 3.405 4.198189 3.415 0 P 0
L 4.198189 3.405 4.208189 3.405 0 P 0
L 4.198189 3.415 4.208189 3.425 0 P 0
L 4.198189 3.435 4.198189 3.445 0 P 0
L 4.198189 3.435 4.208189 3.425 0 P 0
L 4.198189 3.445 4.208189 3.445 0 P 0
L 4.208189 3.405 4.218189 3.415 0 P 0
L 4.208189 3.445 4.218189 3.435 0 P 0
L 4.218189 3.415 4.228189 3.405 0 P 0
L 4.218189 3.435 4.228189 3.445 0 P 0
L 4.228189 3.405 4.238189 3.405 0 P 0
L 4.228189 3.425 4.238189 3.415 0 P 0
L 4.228189 3.425 4.238189 3.435 0 P 0
L 4.228189 3.445 4.238189 3.445 0 P 0
L 4.235 3.65 4.255 3.63 0 P 0
L 4.235 3.65 4.255 3.67 0 P 0
L 4.235 4.05 4.255 4.03 0 P 0
L 4.235 4.05 4.255 4.07 0 P 0
L 4.238189 3.405 4.238189 3.415 0 P 0
L 4.238189 3.435 4.238189 3.445 0 P 0
L 4.255 3.63 4.275 3.65 0 P 0
L 4.255 3.67 4.275 3.65 0 P 0
L 4.255 4.03 4.275 4.05 0 P 0
L 4.255 4.07 4.275 4.05 0 P 0
L 4.315 4.505 4.335 4.485 0 P 0
L 4.315 4.505 4.335 4.525 0 P 0
L 4.315 4.605 4.335 4.585 0 P 0
L 4.315 4.605 4.335 4.625 0 P 0
L 4.315 4.705 4.335 4.685 0 P 0
L 4.315 4.705 4.335 4.725 0 P 0
L 4.335 4.485 4.355 4.505 0 P 0
L 4.335 4.525 4.355 4.505 0 P 0
L 4.335 4.585 4.355 4.605 0 P 0
L 4.335 4.625 4.355 4.605 0 P 0
L 4.335 4.685 4.355 4.705 0 P 0
L 4.335 4.725 4.355 4.705 0 P 0
L 4.475 3.0994882 4.495 3.0594882 0 P 0
L 4.475 3.0994882 4.515 3.0994882 0 P 0
L 4.475 3.505 4.495 3.465 0 P 0
L 4.475 3.505 4.515 3.505 0 P 0
L 4.495 3.0594882 4.515 3.0994882 0 P 0
L 4.495 3.465 4.515 3.505 0 P 0
L 4.605 4.34 4.625 4.3 0 P 0
L 4.605 4.34 4.645 4.34 0 P 0
L 4.613 4.332 4.625 4.308 0 P 0
L 4.613 4.332 4.637 4.332 0 P 0
L 4.615 3.7065748 4.625 3.7265748 0 P 0
L 4.615 3.7065748 4.635 3.7165748 0 P 0
L 4.615 3.7465748 4.625 3.7265748 0 P 0
L 4.615 3.7465748 4.635 3.7365748 0 P 0
L 4.615 3.805 4.625 3.825 0 P 0
L 4.615 3.805 4.635 3.815 0 P 0
L 4.615 3.845 4.625 3.825 0 P 0
L 4.615 3.845 4.635 3.835 0 P 0
L 4.625 4.3 4.645 4.34 0 P 0
L 4.625 4.308 4.637 4.332 0 P 0
L 4.635 3.7165748 4.655 3.7065748 0 P 0
L 4.635 3.7365748 4.655 3.7465748 0 P 0
L 4.635 3.815 4.655 3.805 0 P 0
L 4.635 3.835 4.655 3.845 0 P 0
L 4.645 3.7265748 4.655 3.7065748 0 P 0
L 4.645 3.7265748 4.655 3.7465748 0 P 0
L 4.645 3.825 4.655 3.805 0 P 0
L 4.645 3.825 4.655 3.845 0 P 0
L 4.6609055 3.41 4.6609055 3.42 0 P 0
L 4.6609055 3.41 4.6709055 3.41 0 P 0
L 4.6609055 3.42 4.6709055 3.43 0 P 0
L 4.6609055 3.44 4.6609055 3.45 0 P 0
L 4.6609055 3.44 4.6709055 3.43 0 P 0
L 4.6609055 3.45 4.6709055 3.45 0 P 0
L 4.6709055 3.41 4.6809055 3.42 0 P 0
L 4.6709055 3.45 4.6809055 3.44 0 P 0
L 4.6809055 3.42 4.6909055 3.41 0 P 0
L 4.6809055 3.44 4.6909055 3.45 0 P 0
L 4.6909055 3.41 4.7009055 3.41 0 P 0
L 4.6909055 3.43 4.7009055 3.42 0 P 0
L 4.6909055 3.43 4.7009055 3.44 0 P 0
L 4.6909055 3.45 4.7009055 3.45 0 P 0
L 4.7009055 3.41 4.7009055 3.42 0 P 0
L 4.7009055 3.44 4.7009055 3.45 0 P 0
L 4.715 4.27 4.715 4.31 0 P 0
L 4.715 4.27 4.755 4.27 0 P 0
L 4.715 4.31 4.755 4.31 0 P 0
L 4.755 3.41 4.755 3.42 0 P 0
L 4.755 3.41 4.765 3.41 0 P 0
L 4.755 3.42 4.765 3.43 0 P 0
L 4.755 3.44 4.755 3.45 0 P 0
L 4.755 3.44 4.765 3.43 0 P 0
L 4.755 3.45 4.765 3.45 0 P 0
L 4.755 4.27 4.755 4.31 0 P 0
L 4.765 3.41 4.775 3.42 0 P 0
L 4.765 3.45 4.775 3.44 0 P 0
L 4.775 3.42 4.785 3.41 0 P 0
L 4.775 3.44 4.785 3.45 0 P 0
L 4.785 3.41 4.795 3.41 0 P 0
L 4.785 3.43 4.795 3.42 0 P 0
L 4.785 3.43 4.795 3.44 0 P 0
L 4.785 3.45 4.795 3.45 0 P 0
L 4.795 3.41 4.795 3.42 0 P 0
L 4.795 3.44 4.795 3.45 0 P 0
L 4.815 4.27 4.815 4.31 0 P 0
L 4.815 4.27 4.855 4.27 0 P 0
L 4.815 4.31 4.855 4.31 0 P 0
L 4.8490945 3.41 4.8490945 3.42 0 P 0
L 4.8490945 3.41 4.8590945 3.41 0 P 0
L 4.8490945 3.42 4.8590945 3.43 0 P 0
L 4.8490945 3.44 4.8490945 3.45 0 P 0
L 4.8490945 3.44 4.8590945 3.43 0 P 0
L 4.8490945 3.45 4.8590945 3.45 0 P 0
L 4.855 4.27 4.855 4.31 0 P 0
L 4.8590945 3.41 4.8690945 3.42 0 P 0
L 4.8590945 3.45 4.8690945 3.44 0 P 0
L 4.8690945 3.42 4.8790945 3.41 0 P 0
L 4.8690945 3.44 4.8790945 3.45 0 P 0
L 4.8790945 3.41 4.8890945 3.41 0 P 0
L 4.8790945 3.43 4.8890945 3.42 0 P 0
L 4.8790945 3.43 4.8890945 3.44 0 P 0
L 4.8790945 3.45 4.8890945 3.45 0 P 0
L 4.8890945 3.41 4.8890945 3.42 0 P 0
L 4.8890945 3.44 4.8890945 3.45 0 P 0
L 4.895 3.65 4.915 3.63 0 P 0
L 4.895 3.65 4.915 3.67 0 P 0
L 4.895 4.05 4.915 4.03 0 P 0
L 4.895 4.05 4.915 4.07 0 P 0
L 4.915 3.63 4.935 3.65 0 P 0
L 4.915 3.67 4.935 3.65 0 P 0
L 4.915 4.03 4.935 4.05 0 P 0
L 4.915 4.07 4.935 4.05 0 P 0
